4294967279,553
4294967278,328
4294967278,17
4294967278,16
4294967278,15
4294967278,14
4294967278,13
4294967278,327
4294967279,175
4294967278,172
4294967279,551
4294967278,325
4294967279,172
4294967278,170
4294967278,24
4294967278,23
4294967278,22
4294967278,21
4294967278,20
4294967278,19
4294967278,18
4294967278,355
4294967279,168
4294967278,166
4294967294,187
4294967278,165
4294967278,353
4294967279,547
4294967278,352
4294967279,298
4294967278,35
4294967278,34
4294967278,33
4294967278,32
4294967278,31
4294967278,30
4294967278,29
4294967278,28
4294967278,27
4294967278,26
4294967278,25
4294967294,441
4294967294,518
4294967294,426
4294967294,427
4294967294,987
4294967294,1411
4294967294,986
4294967294,1415
4294967294,1414
4294967294,429
4294967294,534
4294967294,422
4294967294,444
4294967294,442
4294967279,163
4294967279,296
4294967278,161
4294967278,296
4294967279,162
4294967279,294
4294967278,160
4294967278,294
4294967278,43
4294967278,42
4294967278,289
4294967278,288
4294967278,40
4294967278,350
4294967278,39
4294967278,323
4294967278,38
4294967278,37
4294967278,36
4294967294,97
4294967279,293
4294967278,46
4294967278,351
4294967279,292
4294967278,45
4294967278,293
4294967279,157
4294967278,44
4294967278,292
4294967279,291
4294967278,155
4294967279,303
4294967279,154
4294967279,290
4294967278,41
4294967279,289
4294967279,288
4294967294,75
4294967279,546
4294967278,62
4294967278,61
4294967278,60
4294967278,59
4294967278,58
4294967278,57
4294967278,56
4294967278,55
4294967278,54
4294967278,53
4294967278,52
4294967278,51
4294967278,50
4294967278,49
4294967278,48
4294967278,47
4294967279,321
4294967279,87
4294967279,574
4294967279,85
4294967279,83
4294967279,81
4294967279,80
4294967279,79
4294967279,77
4294967279,75
4294967279,74
4294967279,73
4294967279,72
4294967279,69
4294967279,68
4294967279,66
4294967279,63
4294967279,62
4294967279,59
4294967279,55
4294967279,54
4294967279,53
4294967279,52
4294967279,50
4294967279,49
4294967279,47
4294967279,44
4294967279,43
4294967279,42
4294967279,41
4294967279,40
4294967279,34
4294967279,32
4294967279,29
4294967279,27
4294967279,23
4294967279,22
4294967279,17
4294967279,16
4294967279,15
4294967279,13
4294967279,11
4294967279,10
4294967279,527
4294967279,37
4294967279,526
4294967279,35
4294967279,287
4294967279,146
4294967279,33
4294967294,409
4294967294,395
4294967294,396
4294967294,1416
4294967294,399
4294967294,420
4294967294,151
4294967294,407
4294967294,167
4294967294,411
4294967294,997
4294967294,398
4294967294,168
4294967294,468
4294967294,448
4294967279,145
4294967279,285
4294967279,144
4294967279,143
4294967279,524
4294967279,30
4294967279,545
4294967279,543
4294967294,419
4294967294,154
4294967279,273
4294967279,137
4294967279,523
4294967279,24
4294967279,272
4294967279,522
4294967294,1005
4294967294,1003
4294967294,428
4294967294,1001
4294967279,283
4294967279,270
4294967294,439
4294967294,390
4294967294,389
4294967294,1418
4294967279,520
4294967279,18
4294967279,519
4294967279,263
4294967294,50
4294967294,30
4294967294,144
4294967294,143
4294967294,141
4294967294,140
4294967294,135
4294967294,1020
4294967294,993
4294967294,991
4294967294,990
4294967294,989
4294967294,988
4294967294,60
4294967294,18
4294967294,127
4294967294,20
4294967294,13
4294967294,22
4294967279,275
4294967294,199
4294967294,198
4294967294,197
4294967294,196
4294967294,192
4294967294,1016
4294967294,1015
4294967294,1014
4294967294,1013
4294967294,1012
4294967294,1008
4294967294,1007
4294967294,1006
4294967294,1004
4294967294,1002
4294967294,1000
4294967294,999
4294967294,998
4294967294,996
4294967294,421
4294967294,401
4294967294,190
4294967294,185
4294967294,182
4294967294,173
4294967294,170
4294967294,162
4294967294,161
4294967294,81
4294967294,11
4294967278,312
34,6
4294967278,311
34,5
34,4
4294967278,388
34,3
34,2
34,1
4294967278,387
4294967294,471
4294967278,391
4294967278,310
33,6
4294967278,309
33,5
33,4
4294967278,255
33,3
33,2
33,1
4294967278,306
4294967279,0
4294967278,346
4294967278,0
4294967278,254
32,4
4294967278,253
32,3
32,2
32,1
4294967278,251
4294967278,250
4294967278,248
31,6
4294967278,246
31,5
31,4
4294967278,244
31,3
31,2
31,1
4294967278,243
4294967278,242
4294967278,240
30,6
4294967278,238
30,5
30,4
4294967278,237
30,3
30,2
30,1
4294967278,335
4294967294,38
4294967294,37
4294967294,40
4294967294,387
4294967294,388
4294967278,236
4294967278,234
29,4
4294967278,232
29,3
29,2
29,1
4294967278,231
4294967278,230
4294967278,228
28,4
4294967278,226
28,3
28,2
28,1
4294967278,225
4294967278,224
4294967294,41
4294967294,424
4294967294,43
4294967294,1412
4294967294,194
4294967294,176
4294967294,163
4294967294,1010
4294967294,1009
4294967294,195
4294967294,193
4294967278,222
27,6
4294967278,220
27,5
27,4
4294967278,218
27,3
